agent_params:
  args_:
    action_w_noise_amplitude: [0.1, 0.3]
    batch_size: [32, 64]
    training_freq: [4, 8]
    target_model_update_freq: [500, 4000, 8000]

optim:
  args_:
    lr: [0.000001, 0.00001, 0.0001]  
    eps: [0.0000001, 0.00001]